[0.0007220513881400598, 0.0009601673017183773, 0.18494745370007878, 0.2422928439285743]
[0.001967276671845518, 0.0030915092009319383, 0.22184027307056603, 0.44668632336122815]
[0.00315111210212721, 0.006360319812169435, 0.17909905913045532, 0.6335391710001107]
[0.00395946497185406, 0.010516473087565426, 0.09910377888022986, 0.747777842256006]
[0.0041758570630257, 0.015155592017361571, -0.00536196994545049, 0.7932457050468757]
[0.0038002622810383428, 0.01998528514607942, -0.09956831466910883, 0.8068366876036349]
[0.0029422282517594838, 0.02476284363500398, -0.17503453858956658, 0.7776022460298657]
[0.0019132330114161687, 0.029054209447502477, -0.037894108101431005, 0.5728986760907789]
[0.002998626229151892, 0.03096011683321516, 0.29822298155711013, 0.1412403140401562]
[0.004528618718729022, 0.0305582411864901, 0.1507658310775755, -0.16449089268122813]
[0.004474080350526769, 0.028880250960018068, -0.095172856504295, -0.35575476745219786]
[0.003431581130605592, 0.02629700009115493, -0.2046914146979199, -0.483467873922551]
[0.0021385869867127025, 0.02316920050909416, -0.20165022333059712, -0.5511466916267829]
[0.0010931213929090142, 0.0198080533907551, -0.13547471677527498, -0.5703356480295416]
[0.0005319707600622226, 0.016426888871411124, -0.04465192664567209, -0.5613514088596349]
[0.0004899627799979251, 0.013155361997763952, 0.0374786327372863, -0.5327604299847021]
[0.0007980694739684855, 0.010098809140976323, 0.08191633107645588, -0.4871932014362257]
[0.001284940614282375, 0.0074389956789483, 0.10145540828215302, -0.40447191473402916]
[0.0018800545458783993, 0.005512179054078785, 0.11343479940172249, -0.253448181981627]
[0.0024994310631330876, 0.004627646530110463, 0.10237306787326347, -0.06653396133772968]
[0.0029891648200534335, 0.004831525615917446, 0.06289701837705035, 0.10568156948595331]
[0.0031788408544602006, 0.005865722182453817, -0.002716445533802945, 0.21309441636576154]
[0.0029713457378613096, 0.007211716519525477, -0.06996418678052864, 0.21898208593428947]
[0.0024761531723396135, 0.008324738302676774, -0.10523245301367341, 0.14951428149214693]
[0.0018175734499041518, 0.008884902610982726, -0.11544148590628553, 0.04902608952576455]
[0.0012596912141624773, 0.008908525356155278, -0.07862034929603155, -0.03088006641977981]
[0.0010013875963695935, 0.008535709698319545, -0.018413530993724933, -0.08412382829070154]
[0.0010881314527834427, 0.007947591449569748, 0.03838841772690187, -0.10456303974363883]
[0.0014096499170167945, 0.00733903297104375, 0.06628554563914073, -0.09432731631990213]
[0.0016974806529456445, 0.006914370881173357, 0.038842806024886774, -0.050357023864973066]
[0.0017978029627455248, 0.006774961932907644, 0.0038484405907016784, -0.0030949105694546945]
[0.0017171163990816938, 0.006906320100256631, -0.025387154816479032, 0.03828341567599358]
[0.0015539806094240648, 0.007224131102102497, -0.03132884530476056, 0.06108835956110248]
[0.0014054979255144436, 0.0076288599852938925, -0.024602538039639354, 0.07155855411044036]
[0.0013283624935656194, 0.008123661555191996, -0.005939620802637961, 0.09478851553225615]
[0.0014583396192165835, 0.0088324483579225, 0.021515439563277065, 0.14906026635447245]
[0.0015268955153683078, 0.010043834486763688, -0.009370725218982778, 0.24777983179298613]
[0.0013626678810661525, 0.011930530766888357, -0.056675064215079965, 0.3648649048707568]
[0.0009286154594333583, 0.014589663359716393, -0.10579336734232266, 0.4949314440912298]
[0.0002474436130538319, 0.01798512850719841, -0.13899699375288918, 0.5989557073352841]
[-0.00035939577083096274, 0.021656880461249983, -0.10914388213667187, 0.6020225969084048]
[-0.0006433046868188111, 0.024911172884391732, -0.03572404308681085, 0.47968252804641925]
[-0.0003859204429577708, 0.026912075637377957, 0.064554507828857, 0.22135807728397863]
[0.00015458236021157138, 0.0271992952329133, 0.10079548890014456, -0.07035183381807383]
[0.0007779231120933776, 0.025681507465837455, 0.122364974337031, -0.37432743733007867]
[0.0002508156613339295, 0.023209260777148282, -0.11228508829709279, -0.4708367050590807]
[-0.0006900603025018857, 0.0201617246169866, -0.14418434750975342, -0.5410317712292252]
[-0.0015216866522822373, 0.016821405594988424, -0.09219015618958307, -0.5744797381536777]
[-0.0018668881792175175, 0.013403719621945274, 0.006168771155527674, -0.5683324816485915]
[-0.0016720123278157095, 0.010116130877393777, 0.08892475061869752, -0.5298038974013524]
[-0.001194047095995725, 0.007221732566677902, 0.10721097881258287, -0.4419616419510479]
[-0.0009967008127182524, 0.004903935451875414, 0.062425909595392376, -0.3160203358659446]
[-0.0007533091740096984, 0.0036038127046243017, 0.06856449913284762, -0.12814947560533066]
[-0.00011004475783770194, 0.003636105296915147, 0.14884913213857506, 0.12090682981281027]
[0.0011504912392369233, 0.005220180108119264, 0.24253904555060246, 0.3963322064523147]
[0.00297998837982138, 0.008458754297269113, 0.38167609462981916, 0.7177076270133571]
[0.004636837848078998, 0.013118762817235353, 0.12502300492753093, 0.8261952982647449]
[0.004532943299336794, 0.01834640832575453, -0.17092578030911426, 0.9016133589225029]
[0.0028188305048530847, 0.024031162857503025, -0.42701798564402255, 0.9522527300770097]
[-0.0001471042001153637, 0.029840436254536012, -0.6082093562029944, 0.9303217636888077]
[-0.003944806683074125, 0.03506239441893334, -0.7140389223609775, 0.7654156528590849]
[-0.008300185664795007, 0.03854792934340228, -0.7733324921440557, 0.3895766653146652]
[-0.012972684935723306, 0.039145466613248636, -0.7054522074051157, -0.13269991119095204]
[-0.01519530842645132, 0.03746331008530427, -0.15350827864521385, -0.3986427440874332]
[-0.014727042561725027, 0.034337319901506506, 0.23486757439659994, -0.5986986306455229]
[-0.012579907647017325, 0.030132798601216194, 0.45057054165615384, -0.7522594394124661]
[-0.009665697963947312, 0.025179610923468074, 0.5231249443523213, -0.8528607811259412]
[-0.0067125779005320066, 0.019840986049459813, 0.4882288566521803, -0.8946274030241353]
[-0.004227830614195304, 0.01450336574312689, 0.38212159445378285, -0.8715501167426478]
[-0.002510346562675132, 0.009549514524479365, 0.23848713329127014, -0.7848510418992724]
[-0.0017875701183466819, 0.0055648791330163636, 0.06331203318622647, -0.5753729501932483]
[-0.001552987764171, 0.003032907661453102, 0.038147417543418216, -0.31474876955465453]
[-0.0010468125729623519, 0.0021142889326081554, 0.11539480208176386, -0.03208382094627578]
[-0.00028357640471984136, 0.003072531112948818, 0.1420040984668286, 0.3014095756734405]
[0.0005319019204746672, 0.005915098235246097, 0.1404395102611941, 0.6024329558365464]
[0.00133771434760344, 0.010242637998564941, 0.13301799274472936, 0.8138195842313292]
[0.0018330707925059042, 0.015573875809348329, 0.06474266171902984, 0.9407910843204677]
[0.0017991399817135607, 0.021518147999387387, -0.027918204130912935, 1.0198656829853485]
[0.0012056116244888724, 0.027757550556494717, -0.1200901590613705, 1.0460830169116735]
[0.0005646560611223117, 0.03352831417576868, 0.051656265193957815, 0.8065859057301205]
[0.0017109141163701032, 0.03674761563071706, 0.2748928884790508, 0.33949465303244036]
[0.0036437167955932896, 0.03715134431782102, 0.344607207069747, -0.13053347689457123]
[0.004291497022735073, 0.03548057625952686, -0.021498384123867, -0.39893351782008385]
[0.003362310454627253, 0.032270674293549614, -0.2446219487900105, -0.6217415183494839]
[0.0017182479915013476, 0.028002065140816237, -0.30191409285434767, -0.7620787062340562]
[0.00023119997011755833, 0.02315104584066521, -0.22811370451037152, -0.8302887375137258]
[-0.0005556668990260999, 0.01808848999647261, -0.08830511166200775, -0.846469751213314]
[-0.0004515297678892555, 0.01309779711279505, 0.06241459732744885, -0.8191229167172805]
[0.00035005979752309835, 0.00847303353040277, 0.15012528450773177, -0.7405537126203917]
[0.0013256538303015543, 0.004633217899941492, 0.14953713532945442, -0.5677400239748546]
[0.001885631814144351, 0.0021256880635007365, 0.05697828020595528, -0.30486718275199015]
[0.00184397051262136, 0.0013332649863640022, -0.043489933118296624, -0.002611039756932304]
[0.0014475736985294571, 0.002453026059117294, -0.07709122035425753, 0.32555509288697554]
[0.0010582554269737278, 0.005497463001918049, -0.051397110940721094, 0.6423953070814731]
[0.0007744261204577612, 0.010170114481724874, -0.029400950510260693, 0.8823208395791308]
[0.0006477188285029845, 0.016205720613731017, 0.010329055397790067, 1.0965648493020583]
[2.1273911748883e-05, 0.022895685516711645, -0.15287095747723708, 1.116400092661019]
[-0.0014577901695170944, 0.029187964910802514, -0.286387147947423, 0.9848696213021882]
[-0.003618637491503829, 0.033960077583878305, -0.3943442334390245, 0.6461159142376554]
[-0.006284543760376407, 0.036054972735307965, -0.4532523933317682, 0.14851020323882153]
[-0.007726224507614625, 0.0356758977234049, -0.12637570923575353, -0.2182368275797609]
[-0.007534060804782264, 0.03323455418275462, 0.11187723105995474, -0.5337140761948007]
[-0.00633319419800306, 0.029227595301757923, 0.22384538027953313, -0.7614750068863344]
[-0.00478885021340185, 0.024154082250489133, 0.23991938771838997, -0.907106034174766]
[-0.003363304637494574, 0.01849836374995329, 0.19431242132673152, -0.9709835667629095]
[-0.002250836520828044, 0.012721369523589864, 0.13891437614509397, -0.9599936875867399]
[-0.0014433556002429989, 0.007264345093152647, 0.09687996046656792, -0.8757168451029301]
[-0.000631989835553319, 0.0027056039134498023, 0.1254211883757705, -0.6834796854567731]
[0.0006982329366593337, -0.0006085596207515593, 0.24124799661540408, -0.46044382834502995]
[0.0024070592792015226, -0.002715985769425795, 0.27596474844217844, -0.27191496961940304]
[0.003805349912843099, -0.0035001137072568937, 0.19863593119535106, -0.029996822943630496]
[0.004671017528459122, -0.0025917251395450092, 0.13172936654956424, 0.2774421145275224]
[0.005141014964353718, 0.0002711030836361868, 0.08629861036142501, 0.6073011335440159]
[0.005586425824614717, 0.004817549496741314, 0.10858351107878665, 0.857190003923613]
[0.006076858088904954, 0.010195901814045828, 0.09044120433990256, 0.9287706622236134]
[0.00607884160535775, 0.015649813945720896, -0.02236442882231855, 0.8922018813531776]
[0.005240526160521108, 0.0206603463175558, -0.17782407673263756, 0.7898278605030475]
[0.003339017401060668, 0.02491943082896094, -0.5159468050321727, 0.7330277057287109]
[0.002276132044582129, 0.027072464017829655, 0.01911849000636577, 0.10580649774518287]
[0.002852957378603072, 0.02609610959076823, -0.005424239330631003, -0.2779155554152901]
[0.002614102984143405, 0.023384273626479386, -0.07321045064900362, -0.5667530294760996]
[0.002224418934972301, 0.019250595653136214, -0.07905689616411307, -0.7668442210012908]
[0.001988195178815424, 0.014219016610086978, -0.036548297914235986, -0.8820892734741914]
[0.0020190416119303537, 0.008797491349025422, 0.008939426681233337, -0.914487979571142]
[0.0022900418498099113, 0.0035970840024873523, 0.03378666740063558, -0.8385238663410578]
[0.0021087754253758073, -0.0008958990698108751, -0.0796599734897815, -0.6807957980185644]
[0.0007383843676278204, -0.004909777697360615, -0.2885803321955013, -0.6386846174779469]
[-0.00023291627440227982, -0.008058491147237097, -0.05813226473058007, -0.40948574433224316]
[-0.0005389034846855789, -0.009716186896467825, -0.042998873157232234, -0.1641176601534018]
[-0.0009893686771207722, -0.009690014171278662, -0.08792051318302668, 0.1404827744024356]
[-0.0015567265713605232, -0.007565890277681656, -0.10056377528070651, 0.5073635567343636]
[-0.0021600619398809374, -0.0032537610195550997, -0.10594313642534699, 0.8594527659924537]
[-0.002641843045489414, 0.0030185353884336612, -0.07552887729672855, 1.1595142698960252]
[-0.003215626358114617, 0.010200322988708557, -0.07160977818568479, 1.2341780031109477]
[-0.003435080426621066, 0.017434274296424388, 0.016199682301547183, 1.181891014000328]
[-0.0030890982751240552, 0.024059606764036366, -0.025727181662770826, 0.9496290287148043]
[-0.004943609105914436, 0.027406321288924267, -0.36780198313037193, 0.31758359474543807]
[-0.0066342518866614525, 0.027608880305426187, -0.2296861415995113, -0.16227904693568493]
[-0.007519465260270377, 0.02518406105487638, -0.104831704694599, -0.5646558930055918]
[-0.007728958736214874, 0.020715543448166177, -0.013249459215695234, -0.8611927180518733]
[-0.007554284406342909, 0.014949643721110566, 0.0259506764087221, -1.0224248688531554]
[-0.0073306604225382615, 0.008684307917502096, 0.012941278915579862, -1.0533668601431108]
[-0.006952462206398185, 0.002904788365740423, 0.07541224237839862, -0.9049735776121793]
[-0.0055793724412322825, -0.002113849111383053, 0.2950281609089048, -0.7899352340815136]
[-0.0030339914714291624, -0.00653350610935227, 0.4211188523844144, -0.6745753031961531]
[-0.0006982571525452071, -0.009937142830384287, 0.33462602945638414, -0.4818841246395767]
[0.001105813940650137, -0.011960253281614758, 0.262123944709736, -0.22716920863401258]
[0.0024426955565735394, -0.012139534525241193, 0.20102959872998866, 0.11122751843000148]
[0.003542395368442776, -0.01018793424726793, 0.19170466719779464, 0.47038889220707986]
[0.004687257908690779, -0.006155002942375373, 0.22118907410502942, 0.8010946604413389]
[0.005742427685552625, -0.00029607616922668295, 0.20385847784539737, 1.0757096216946014]
[0.006551816521987869, 0.006636083155003418, 0.14382831825825151, 1.1948264331001992]
[0.006914497240797791, 0.013343391263952708, 0.024301678611709673, 1.070269699574851]
[0.006203335518360849, 0.01918467671095886, -0.1791165783556011, 0.9015819147130151]
[0.00479476970872499, 0.023508212018994182, -0.054464596048375474, 0.4591715493483149]
[0.005554770182436036, 0.023990827038593936, 0.2222996199577158, -0.18598434843409326]
[0.005199354444831719, 0.022164208424103528, -0.13067679719444478, -0.45638992427958386]
[0.004221061179359732, 0.018360980626856715, -0.19433398285102316, -0.7450871609646599]
[0.0033321588436430044, 0.013277560265427696, -0.13580546066375465, -0.9063765277193735]
[0.0030366521358926005, 0.007671451963248908, -0.015175285425301326, -0.9461480058652136]
[0.0033355945310897077, 0.002432054635027235, 0.06778268561461803, -0.8213855091940955]
[0.0033928134340245023, -0.0019037647872933968, -0.04243507108431119, -0.6529219411077533]
[0.0020494669424931306, -0.0059067308007210596, -0.23186190731089895, -0.6183897931997393]
[0.0008139563419770194, -0.00933479324817353, -0.13507393786321165, -0.4939024160416883]
[0.00012768825237464572, -0.0116443472163484, -0.09133163571720612, -0.28452800575556264]
[-0.00020662454274769938, -0.012235579465209208, -0.03690155183424231, 0.0462073387202467]
[-0.0003877639752406274, -0.010617929508953364, -0.031257363068246245, 0.4324025991012717]
[-0.000647354052058873, -0.006691745607802705, -0.05535528871487618, 0.8062382965413626]
[-0.0009755437482104216, -0.0006565282772200138, -0.06192723767036286, 1.1340871663020982]
[-0.001237847078573009, 0.007047517226064271, -0.034619076791321916, 1.3816150359948984]
[-0.0014426572918303118, 0.01527636141782557, 0.0015690200456646188, 1.374073482586327]
[-0.0010820660583614667, 0.023443652042467476, 0.11176245889945878, 1.3388403741437027]
[-0.00032113582823688376, 0.03098986365777877, -0.023318879816232436, 1.075403649388907]
[-0.0022709065005740354, 0.03510436434892695, -0.4990092405425056, 0.3929179286561463]
[-0.005534878051903917, 0.035171535162814425, -0.43761751136212873, -0.1819786816999666]
[-0.007384274240162469, 0.03259106982860822, -0.23641149006139414, -0.592210612594021]
[-0.008321993913384645, 0.028020430178643498, -0.1220872761902341, -0.869718620043312]
[-0.008810804407848575, 0.02224296994504598, -0.07503123703798278, -1.0187927764368405]
[-0.009041765803174139, 0.01594163623241935, -0.03587058115876945, -1.0647063250958149]
[-0.008966292315876445, 0.009588628387112786, 0.042740224848801724, -1.0593562714149607]
[-0.007816050059162357, 0.003626511084816518, 0.28583851688789175, -0.9607594539919165]
[-0.0046397969086846005, -0.002082030114572971, 0.6096714432897472, -0.9268703911502097]
[-0.0012001485902741454, -0.007009358465191387, 0.5248040114226312, -0.744249064003922]
[0.0013009461355306363, -0.010714717926324793, 0.3376598383290127, -0.5192046782158861]
[0.002850846867175948, -0.012766420221991164, 0.20950699999087652, -0.20886000090988105]
[0.00392044868622844, -0.012739424471533995, 0.16860332331644293, 0.15839668091155926]
[0.0049764949060658184, -0.010449720550112045, 0.19438878689411102, 0.5355088675033355]
[0.006247645720542126, -0.006074770336177332, 0.24131968336235807, 0.8517063895783087]
[0.007324894810228108, -7.606972015987677e-05, 0.1832596214004083, 1.0782141693317706]
[0.008189902099353712, 0.006506810833599236, 0.13211591199757367, 1.1002720220605906]
[0.008524523791090413, 0.012416067656466231, -0.00453894976809234, 0.9112825264232699]
[0.0077771562537152245, 0.017177769068397936, -0.1985401501557221, 0.7043893801047122]
[0.0060139715739538115, 0.020462332410034575, -0.15949872979989607, 0.30816406713625943]
[0.005888652953862667, 0.02022173300526449, -0.1140093539086245, -0.19256932140286526]
[0.004964171794351775, 0.01785500918410018, -0.17143076706803853, -0.5306111349698606]
[0.004107666206708356, 0.013863463693558838, -0.12053858916770621, -0.7526049635896921]
[0.003674664427315961, 0.008941558015327955, -0.03710951040842354, -0.8618163353824985]
[0.0036370965133350314, 0.0038165458505448153, -0.0026114538966956202, -0.8561781649491629]
[0.0031252453209898536, -0.0010667764124040516, -0.1286076424829416, -0.7813038359168931]
[0.0009314648499083751, -0.006192998430275633, -0.31097129581518845, -0.8122395408641694]
[-0.0006758524561040041, -0.010772886168611915, -0.20566418543045287, -0.7043819016998485]
[-0.0017533988704398742, -0.014355655282526246, -0.1431054713009152, -0.5073339142528964]
[-0.0024887079786020463, -0.016477784243944648, -0.10560638304999159, -0.23779347190014544]
[-0.00320146224395119, -0.01685187178968141, -0.12870652898894927, 0.06720898099430357]
[-0.003970022076708638, -0.01522164936584448, -0.13718462078065985, 0.41587760547387154]
[-0.00474191293838109, -0.011523078525118965, -0.14454957662842136, 0.7475226299909922]
[-0.005397269686089535, -0.005997207446156539, -0.12130820841569064, 1.0245167310066978]
[-0.00575474212796444, 0.0008218400073149998, -0.05892858174148302, 1.1935561636555982]
[-0.005804017352128, 0.007834302605148172, 0.011136799540634219, 1.1451390116926252]
[-0.005505287300855529, 0.013911470287617907, 0.09375480486944283, 0.9363139096433101]
[-0.004072317635445675, 0.019103274132564445, 0.36349826492517545, 0.8126926044545197]
[-0.0028300931799428355, 0.022012887206356822, 0.12534818700049957, 0.24839270214020842]
[-0.002789721519778095, 0.021626257734186496, -0.06699496254907142, -0.2754451821792837]
[-0.003775777624472308, 0.018580266848027664, -0.22282164722030964, -0.6615137714906909]
[-0.005446316392822271, 0.013752320715596185, -0.3107053868204365, -0.8964287819389563]
[-0.0073418855853904195, 0.007974295642521178, -0.3143724828470604, -1.0038462993414108]
[-0.008465957826655686, 0.0021426308176257193, -0.09228945789038172, -0.9530288357619837]
[-0.007154667060922942, -0.003891173386060841, 0.30215736077308625, -0.9823045870564995]
[-0.004833976768648969, -0.00953581138866629, 0.35561644732561154, -0.858481155746186]
[-0.0030635731264689026, -0.013968357724273555, 0.267509548350405, -0.6458756576156521]
[-0.0016579901672493093, -0.016985742079165596, 0.21491845425834002, -0.3918211155242076]
[-0.00034302295808051587, -0.018348918873183063, 0.2338528668435217, -0.10610933238915685]
[0.0010563337109698603, -0.01780538883776437, 0.23382776706484965, 0.23581477599296835]
[0.002508290206223936, -0.015170372125236321, 0.2525611731347497, 0.5789445465146859]
[0.004143389833821088, -0.010673930964468946, 0.28858136179401195, 0.8607274561039142]
[0.005957949389517902, -0.004791756616363021, 0.3125101923446099, 1.0523490020096913]
[0.007285473221014696, 0.001911147731936459, 0.18870749555870409, 1.139681082508158]
[0.00807065638634325, 0.008225170926190179, 0.07634088781773364, 0.9910085846191855]
[0.007995329357708641, 0.013304858264778533, -0.09182402495689485, 0.7480699136510088]
[0.007036471960764415, 0.01664635004247485, -0.03257935589442655, 0.29422410475004646]
[0.006374236772935372, 0.016862419235402513, -0.18546976215748642, -0.14142902792298234]
[0.005095872568652034, 0.014678349608682405, -0.21684348322841715, -0.5161298667250453]
[0.004027379107327112, 0.01072852590702065, -0.14029610082375024, -0.7522991890743422]
[0.0035316281114369263, 0.005881161155398381, -0.03110462680053891, -0.8416285028625623]
[0.003382030193822052, 0.0010347853243629639, -0.02762078217035408, -0.7932148198957676]
[0.0022906826623807206, -0.0037526721674643786, -0.2451412653978238, -0.7948355116595411]
[0.000347712366371206, -0.00877105401226964, -0.22050481570416225, -0.7930815694307863]
[-0.0008704026237469376, -0.013121528455357932, -0.15686998931267657, -0.6602887428422217]
[-0.0016875384577362791, -0.01630465213208529, -0.10223060769135864, -0.4285976111525853]
[-0.0022816921772706306, -0.017893828809587682, -0.09506311654037997, -0.14468488337640162]
[-0.0030354646225512613, -0.01770568008361096, -0.14824214851509515, 0.15921692114536887]
[-0.0039497420979722146, -0.015532506338975465, -0.1696195722657346, 0.5018428392505702]
[-0.004874816010679315, -0.01135175621211026, -0.175339206812091, 0.8207459242014371]
[-0.005623703621271426, -0.00541644318725088, -0.1414517958225156, 1.086134549152071]
[-0.00602964933536654, 0.0016890706449383815, -0.07204140029530716, 1.231071617752989]
[-0.00612346959095112, 0.008802353511792127, -0.0014025472286500681, 1.1506365759875576]
[-0.005836715362139563, 0.014925203266677609, 0.08530137292081844, 0.9444280601059046]
[-0.0046108460904790965, 0.020056234710870806, 0.27214184218105, 0.7811122365662803]
[-0.0037290724832381825, 0.02283278918973835, 0.08553264290652253, 0.23641998908521872]
[-0.0037942559906927846, 0.022428773335475945, -0.07120267722300591, -0.27220402165530566]
[-0.00474861775616545, 0.019458123974946097, -0.2081108339654298, -0.6439432008741043]
[-0.006284195237646653, 0.01475223681591725, -0.27585551430751687, -0.8772489728589703]
[-0.007907209101797248, 0.009090986726674135, -0.2453311821161559, -0.991245965050158]
[-0.008567144229983647, 0.0032177226579987003, 0.0060056914892643205, -0.9785452160882747]
[-0.00650724200664268, -0.00313104194158663, 0.4161733568573585, -1.035854475086943]
[-0.003737445770232752, -0.00909642974844397, 0.4060253313689209, -0.9064665060939414]
[-0.0020435031862323944, -0.013719723848144237, 0.2199039284861447, -0.6583150976473694]
[-0.0007542043302560635, -0.016851572146945045, 0.2165493612236969, -0.4133421134346476]
[0.0007336313007657993, -0.018396424538549894, 0.2744890211349949, -0.13731073136930969]
[0.002409742722498709, -0.01803209412303617, 0.2814408751648776, 0.2089974403968884]
[0.004165146483877973, -0.015573606101090435, 0.3010029068617571, 0.5498945902672683]
[0.006110350721433084, -0.011270146262955196, 0.33586979982494136, 0.8290508610092062]
[0.008211271080406613, -0.00559645187769334, 0.3540019000605892, 1.0177114513010532]
[0.009758897131464219, 0.0008503980012611266, 0.21358545593096306, 1.093239236551395]
[0.010721735630205153, 0.006916122224128967, 0.10466658593401074, 0.9521126988578393]
[0.01087462365426062, 0.011741800250084606, -0.056293282271570495, 0.7052902516534194]
[0.009720424208488135, 0.015132219865163068, -0.25422523510548456, 0.4270923649948313]
[0.008654371321926963, 0.015767388134093622, -0.23034903217443947, -0.07527008011923596]
[0.0072205795427926385, 0.0139655254425317, -0.22704558401976477, -0.4589585265607518]
[0.006094983308007301, 0.010294805000095606, -0.1444225488445457, -0.7150787691718458]
[0.005514061628498536, 0.00560341308892423, -0.0492940012578182, -0.8268591193133444]
[0.005069493713485536, 0.0007000791644739471, -0.08897559109519354, -0.8222561210927763]
[0.003636426498292493, -0.0043474408414191, -0.2605513337647866, -0.8319807837332239]
[0.0012812130446508171, -0.009837638880781537, -0.2778751423458547, -0.8899014677414229]
[-0.00023718202069747467, -0.014858764609746535, -0.19666077489772574, -0.7879038245897426]
[-0.001258451774872808, -0.018875621958384853, -0.12146581226285301, -0.5762156011199472]
[-0.0018760952730214227, -0.021399512404581662, -0.07539390510133377, -0.30585216912186836]
[-0.002386206261984212, -0.022207897769179426, -0.091954764936996, -0.011585131459350584]
[-0.0031122479658057057, -0.021190754935707667, -0.1431812903067326, 0.29994790779501057]
[-0.004000769956717311, -0.01824146227774402, -0.17588053331930933, 0.617059459720449]
[-0.004985300518577358, -0.013548090805097295, -0.19450239830510085, 0.8812001690807473]
[-0.005835914551075594, -0.007489874235918928, -0.16210415275687773, 1.0761020738001426]
[-0.006282927535267839, -0.0006334451228876165, -0.07899003889002389, 1.1642690570036731]
[-0.006307904680571798, 0.006038978681944992, 0.00652769849602728, 1.0639030159308658]
[-0.005706298841486926, 0.011692124440404857, 0.23352256803690677, 0.90837285396357]
[-0.003099320730666089, 0.016555807171107984, 0.40109055913342356, 0.6347802821570736]
[-0.0015791830801559783, 0.018351613057740957, 0.1439292740793337, 0.06682351324118124]
[-0.0018006809570856367, 0.01711040316324133, -0.14564074606623764, -0.38970463216568585]
[-0.003419913615293328, 0.013673619815349185, -0.33256582574390703, -0.6983642896964202]
[-0.005632290888080233, 0.008824893838408754, -0.3613423895675383, -0.8902225975564728]
[-0.007225373448247825, 0.0032790404300596316, -0.1665413277673616, -0.9576186555810563]
[-0.006174379169326661, -0.00300586070495264, 0.2825346054876829, -1.0410120611154008]
[-0.00380951832977354, -0.009283547092823028, 0.3652029541142904, -0.9720975369579894]
[-0.002197805053988151, -0.014437090555657044, 0.24764258524839217, -0.7681767312885587]
[-0.0009408578191783965, -0.01824016231891729, 0.19518046758159938, -0.5232508938576261]
[8.22811856216146e-05, -0.02038333445115255, 0.16969959944631854, -0.23089396111822616]
[0.0013587087761306302, -0.02076957017771929, 0.251498485259825, 0.05927127224659339]
[0.0030266866650036314, -0.019305436799634524, 0.28668456477708465, 0.3828548624376741]
[0.004865073337877717, -0.01596841172584609, 0.3098648396126371, 0.6787451946286281]
[0.006878917050697615, -0.011110695067764872, 0.33569078202610003, 0.8986253799681527]
[0.008916783452727025, -0.005253717941048695, 0.32475776749472063, 1.0230580509598777]
[0.010309972356992702, 0.0009670311229855661, 0.17200419020444252, 1.0297337487700655]
[0.01102869325757546, 0.006454042699290574, 0.0504778087780286, 0.8339753923301566]
[0.01085103529695682, 0.010460636451013241, -0.11849819325076918, 0.5527545663487303]
[0.009119082371789508, 0.012797616572964651, -0.33992208448330186, 0.19899264047400728]
[0.007098286368458188, 0.01249460724549018, -0.32577096283612844, -0.23607352179298413]
[0.005388824877865541, 0.009973992446889826, -0.23845770967048965, -0.5511737292033876]
[0.004301332908778106, 0.006076726640420478, -0.11912659177264262, -0.7192267177997076]
[0.0036185077464172166, 0.0016217837845044314, -0.10152061905086882, -0.771950048985695]
[0.002215455286720659, -0.0032137242397539175, -0.2680993285978865, -0.8299562976109205]
[-6.0716440150578067e-05, -0.008694346630434863, -0.20445564456012705, -0.8764428304496146]
[-0.001121920067774227, -0.013652313077375392, -0.099960206170225, -0.7731327068115147]
[-0.0015585895973444165, -0.017588315067500686, -0.01648813569248094, -0.5608051441217582]
[-0.0015701435360510809, -0.02004950436184983, 0.028901029347814015, -0.2946947050850502]
[-0.0014562205044598726, -0.02084237250964668, 0.014896828807725176, -0.009818212726897216]
[-0.0015904813122322612, -0.01988435150885108, -0.055554769001311455, 0.2843798276515247]
[-0.0020232168379178705, -0.01707496634531633, -0.11110966597090978, 0.5920676281437547]
[-0.002706058982660984, -0.0125602121667433, -0.15928483767857032, 0.8504095361526225]
[-0.0034952040495354903, -0.006733032994500924, -0.17075032922929892, 1.0345949984311695]
[-0.003997430573181487, -4.344404538020435e-05, -0.1024890441191951, 1.1438092863886942]
[-0.004245876815884556, 0.006691400450873108, -0.053026033804103985, 1.0953509578069403]
[-0.004303568708785208, 0.012416188829185926, 0.008903989525845778, 0.8684682268053617]
[-0.003337325519608914, 0.016742586709710613, 0.11886937913163555, 0.5106247756877363]
[-0.0029453065431869156, 0.017914879083980727, 0.015389825763149477, -0.02969322376319014]
[-0.003440620593946903, 0.016188078582963703, -0.13649998635086336, -0.46186243518713066]
[-0.004695581764290594, 0.012394912180878855, -0.23450012893336072, -0.7495444828784875]
[-0.006269465870140267, 0.007356671089528295, -0.24143245783602985, -0.9089979355152595]
[-0.007004521986790282, 0.0018825718885420498, -0.01848192300656388, -0.9144275703016336]
[-0.005007883361782039, -0.004313102944497993, 0.40375444921468595, -1.0202553113498236]
[-0.002834294257620445, -0.010178433245441485, 0.29368247637013617, -0.8851601333295803]
[-0.0015215339439236275, -0.014829323365505697, 0.22050962711455338, -0.689495958419267]
[-0.00034824533557150375, -0.018166690700307773, 0.19313962459592554, -0.44583471489707666]
[0.000742333034817866, -0.019871748912756157, 0.19178364250863802, -0.1595430013627346]
[0.00223583575624793, -0.01989609410741274, 0.2815094107869347, 0.12091767713336159]
[0.0040626089042085246, -0.018096005324639258, 0.30923625648541714, 0.4363027484285528]
[0.006060463931212715, -0.014500037129267515, 0.3332979505340681, 0.7174509589629285]
[0.008245724187671041, -0.00948471877783576, 0.359947493371557, 0.91957186903437]
[0.010140547114667522, -0.0035245574983936807, 0.27887831753358944, 1.0334917798219836]
[0.011539352121414716, 0.002580248799139019, 0.18033316485748938, 0.9991152396275446]
[0.012288655818521841, 0.0077531187924619075, 0.04298648922164443, 0.7714942292182141]
[0.012029653555972625, 0.01138886575858811, -0.13574829907107067, 0.487877998000413]
[0.009931858073187954, 0.013478385449012325, -0.3873628457781694, 0.14747419951006102]
[0.007723919933176933, 0.01285944959771141, -0.34373829324168487, -0.2917354178599315]
[0.005944401803493612, 0.010025427390784327, -0.24094148120019332, -0.6033679213929983]
[0.004827866656351883, 0.005843329860607198, -0.11915945671335362, -0.7652608899452775]
[0.004057988451759486, 0.001150893335296675, -0.11623053261511804, -0.8086913302520624]
[0.0024860325180187204, -0.003910911253832666, -0.2903161379593226, -0.8673403428687533]
[0.0002636577492716433, -0.009494595777144456, -0.23488316231070408, -0.9118848940518756]
[-0.0009784841301311287, -0.014627708845675115, -0.1227471639132252, -0.8014494785311999]
[-0.0015630409628492705, -0.018705728317351074, -0.03501190886368563, -0.5828091850075813]
[-0.0017038084430906516, -0.02128212599536441, 0.009606731883196128, -0.3135641977644549]
[-0.0017254811040607748, -0.0221771401665628, -0.00942060539885118, -0.027527172159242143]
[-0.0019709633774548205, -0.02129071781004749, -0.071199188447319, 0.2755149408644454]
[-0.0024918722803341704, -0.01851454538456071, -0.13046321313269946, 0.586481481343694]
[-0.003289528570941189, -0.014021652563691036, -0.18528254137999461, 0.8452886775212742]
[-0.004220196781119757, -0.00821508117850217, -0.20176259402677513, 1.029104434473682]
[-0.004895201688621661, -0.0015552842854266097, -0.13937360899554743, 1.1363540658741496]
[-0.005211411145553798, 0.005145000706758541, -0.06491783000694742, 1.0840916323235]
[-0.005343227366894031, 0.010808552409459993, -0.013948209100204612, 0.8566975886849341]
[-0.0038340867866985084, 0.015562909478829155, 0.29186679922691466, 0.6631791024150016]
[-0.002655835889980642, 0.01750348273112698, 0.11526630236864825, 0.08843381708386738]
[-0.0028381487282924784, 0.01633367088849051, -0.1145360432500686, -0.3845398032437227]
[-0.004184585625729204, 0.012887375342107946, -0.2684437280000372, -0.7073647443912766]
[-0.006097407974852562, 0.007992527963730456, -0.30714451776510343, -0.9007805307069036]
[-0.007395687921909196, 0.0024863943526610395, -0.105306266621164, -0.9410980131904068]
[-0.006012233432236329, -0.003833731469729205, 0.3246119241351216, -1.0456136795966253]
[-0.003955192953833509, -0.009991115411411752, 0.30419530199362815, -0.9416294749969618]
[-0.0026399252585965734, -0.014990247768675469, 0.22426842710850808, -0.7455215353120686]
[-0.0014995198762687133, -0.018682131296179728, 0.1881298449007548, -0.5047763907575876]
[-0.0005099685371380314, -0.02074075761621103, 0.16883524358536756, -0.21725093964185213]
[0.0007385015217743767, -0.02107187019910303, 0.2534243115452727, 0.06448605196367173]
[0.002501782259716303, -0.01966108029846602, 0.30495636512033575, 0.37059769026627226]
[0.004483878680938297, -0.0164505544763517, 0.3287666065818323, 0.6579451756164345]
[0.006648492004532782, -0.011751869701920402, 0.35325562135511973, 0.8746956328731375]
[0.008890331007911067, -0.00607550057754594, 0.3528178657387553, 0.9965594027444594]
[0.01045399806182798, -3.259170590408292e-05, 0.18915806107582786, 1.001762497061181]
[0.011375241144214223, 0.005368225448256556, 0.08486458800184779, 0.8280893754121283]
[0.011485053023918583, 0.009341108959045918, -0.0720488712832618, 0.5491011828847128]
[0.009574222244718131, 0.011975674839482172, -0.3973829080367598, 0.26088114123643824]
[0.0073026466459481295, 0.011992416907926915, -0.3624060995209958, -0.19498063356771933]
[0.005403484394934866, 0.009683433785457827, -0.2626177872537194, -0.5253986027614783]
[0.0041753094597961095, 0.005915167653819134, -0.1335364901199131, -0.7039202855482867]
[0.0033978618908355623, 0.0015268510647136104, -0.1067990954457498, -0.7658541780058017]
[0.0019628894229276445, -0.0032919736432930518, -0.26470604007057486, -0.8341229131368684]
[-0.00021999262168073767, -0.008766966747296151, -0.22531095529278364, -0.8993053917886528]
[-0.0014454569156777707, -0.013885599944950503, -0.11696200941478739, -0.8052005379648965]
[-0.001999048907983114, -0.01802464282549026, -0.024673784154319256, -0.5965574082307488]
[-0.0020687076432492845, -0.020710429550185906, 0.026627880539788224, -0.3333541114138426]
[-0.0019449924203277563, -0.021740648700974204, 0.02000552687254126, -0.05242319227177642]
[-0.0020333057119762085, -0.021058227830395446, -0.04698815254023832, 0.23585143495673663]
[-0.00242376393926208, -0.018551919007793783, -0.10833055466871505, 0.5406321267913464]
[-0.0030992436194370223, -0.014329055133850079, -0.16612714371432455, 0.802595721265889]
[-0.0039522423781856554, -0.008763234091560098, -0.19301283197319832, 0.9920000341795548]
[-0.004628304770017828, -0.0022970427500165506, -0.1457401098580716, 1.107970864213989]
[-0.004959185438694966, 0.004331855181187227, -0.07184603732587587, 1.081114491516466]
[-0.005135715300476053, 0.010045904895536677, -0.02783467724533, 0.8704725866545361]
[-0.003781138575404833, 0.01485552697272374, 0.26134386010321486, 0.6724735566347031]
[-0.00269034164097609, 0.016886877516388385, 0.11150471916109837, 0.10675075881263633]
[-0.002825997870873655, 0.015824191232632595, -0.10008533902715215, -0.367117192315828]
[-0.004058172955073648, 0.01247180283950159, -0.2462224477984515, -0.6927340707647484]
[-0.00584501782110603, 0.007661552785455031, -0.2874991460557443, -0.8859956334975425]
[-0.007043920577456096, 0.002251499425059705, -0.0976472986716766, -0.9196147118594795]
[-0.005573806674619256, -0.003975706467731464, 0.32964671316427985, -1.0277251032997317]
[-0.003592427279997401, -0.010000147733853717, 0.28448162741954547, -0.9170888745675885]
[-0.0023362735821191205, -0.014874522659120612, 0.21840611758583076, -0.7274585034928733]
[-0.0012188523125756959, -0.01846427393190752, 0.18566517795035323, -0.4885358363476441]
[-0.00022690365740474434, -0.0204349633210207, 0.1714776716351006, -0.20357844285423085]
[0.0010706202889169624, -0.020703710963366418, 0.25981852199174926, 0.075624585685487]
[0.0028362873966120425, -0.01920959215663146, 0.303130638954157, 0.38559176062542333]
[0.004819800287363354, -0.015912541239266643, 0.33016385582906943, 0.6718027255195188]
[0.007012363521270921, -0.011141813107041099, 0.3594201367136139, 0.8855873386171231]
[0.009258047777384218, -0.005398559641621992, 0.3524580601359136, 1.0067241620227634]
[0.010892702859384788, 0.0006997132551706127, 0.20570224201325094, 1.0117193108174882]
[0.011876060647736627, 0.00607487394278181, 0.08963458462291254, 0.8170152071470149]
[0.011992661700556441, 0.009969689058664029, -0.07202464521322549, 0.5344396442465245]
[0.010395982197525409, 0.01234327270842971, -0.35337674417393616, 0.2222489537099283]
[0.008319778800258842, 0.012140053083533262, -0.33616594102712466, -0.22885665308838077]
[0.006507721586951634, 0.009632137404515134, -0.2536779120552418, -0.557044294390667]
[0.0052579163302611965, 0.005683603880847336, -0.14294481536192677, -0.7326967571969742]
[0.004352916313640237, 0.0011585090739988867, -0.1336996570853375, -0.785390964791864]
[0.002764852064241604, -0.0037487443292153395, -0.27392979801230216, -0.8371713026826846]
[0.0003624836174695218, -0.009351685806100511, -0.267295256839358, -0.9303212262722699]
[-0.0011406868731520855, -0.014702074184302142, -0.1641049689494182, -0.8520348621096135]
[-0.0019829534578622047, -0.019150608429914152, -0.07070511584438563, -0.6537784303874876]
[-0.0023245737646841766, -0.02218242099459737, -0.014263814851144613, -0.39354433993532506]
[-0.002431796549137646, -0.023556529133598444, -0.01261021097135296, -0.10950247633323006]
[-0.0026834215704100058, -0.023180777688438715, -0.06737563910346958, 0.18742836308716632]
[-0.0031838805247732826, -0.02092508115118016, -0.1232879538230447, 0.502377684414287]
[-0.00395757819666642, -0.01688598802632455, -0.18162400705203008, 0.776317736284432]
[-0.004915365470606752, -0.011434367092046201, -0.21049783879950973, 0.9770204113200186]
[-0.005722790858999989, -0.005018354019991034, -0.16918580470269262, 1.1032644443198496]
[-0.006138344218723575, 0.0016554914087626058, -0.08424700468517496, 1.0936996114286093]
[-0.00621686529832882, 0.007593530142781588, -0.00027594938970084207, 0.9186806997334774]
[-0.004327821322354728, 0.012862185220975726, 0.5378296176185855, 0.8971164529725064]
[-0.0018902147748552304, 0.016127572327153332, 0.2960708922615816, 0.3079921010287852]
[-0.0013037088973732358, 0.016084942484470385, -0.026740358122234967, -0.21360396420894398]
[-0.002451159452487151, 0.013483004366023612, -0.27261484073103165, -0.5868821671997355]
[-0.004577102506301871, 0.009136590765397919, -0.36993852764968055, -0.8283666885367138]
[-0.006576795476871646, 0.003802561577064449, -0.2520582207441451, -0.9473744371445367]
[-0.006296266506140521, -0.002318484600131795, 0.17537490504052702, -1.0172243735874982]
[-0.00413823240406015, -0.008692466857060486, 0.3680050920779643, -1.0013535105479472]
[-0.0026104002532683626, -0.014074678827865963, 0.24104590755673075, -0.806709269300603]
[-0.0014324030586497093, -0.018159750502252985, 0.1903203425081301, -0.5721017261841973]
[-0.0004879206315403643, -0.02062676761062678, 0.15645166144574874, -0.28547248943698655]
[0.000576933074978839, -0.02132463974220382, 0.2184985080519849, 0.00675035525824437]
[0.002244053036694936, -0.020300772956592338, 0.2986800146298625, 0.30416292356041613]
[0.004200746271726213, -0.01746346557962113, 0.3274525467624595, 0.5998395625354613]
[0.006359563201647454, -0.013060565975763654, 0.3550343141587042, 0.8320215726063243]
[0.008672080892492863, -0.007590214969415026, 0.3706768407402814, 0.9695690551077459]
[0.010354909778656055, -0.0016421196587013474, 0.21328380239582237, 0.9935968127856449]
[0.011479745161587692, 0.0038914893719722505, 0.1302701238894856, 0.8687201411525727]
[0.011903842458859362, 0.008138985736444409, -0.015327618219925926, 0.5997026234391808]
[0.010169839385606812, 0.011218410142283596, -0.422214737349227, 0.37405878988028196]
[0.007796548667296371, 0.01186485659312073, -0.38164233389206353, -0.09698125927494482]
[0.005789878062413161, 0.010057560337672357, -0.283881113633112, -0.452416702393324]
[0.004446938501341318, 0.006610855382538953, -0.15397103803792578, -0.6637086804251431]
[0.00365137079597624, 0.0023680694100043993, -0.10040052928799263, -0.7510996952629894]
[0.0024782651506867434, -0.0022864710389704393, -0.2225032043432865, -0.8070803153733788]
[3.2888829252077915e-05, -0.007870359091909836, -0.27702494868081406, -0.9326296954374805]
[-0.0013649887185001423, -0.013233717968197318, -0.14761046484330997, -0.8612921257023899]
[-0.0021160156475828374, -0.017796243948242568, -0.05498982980479001, -0.6766920151430966]
[-0.0023605704273784926, -0.020993455524280474, 0.003235132823892827, -0.4217952997740039]
[-0.0023573289341194, -0.022543614749686622, 0.00890780425147554, -0.1377798118094853]
[-0.0024899793253939663, -0.022341396255946656, -0.047789604729016985, 0.15932303814382642]
[-0.0028960748352384615, -0.02024421436136695, -0.10695796710698946, 0.4794015173925533]
[-0.0035877782439802013, -0.01632006893052423, -0.16680047608961107, 0.7616026968678711]
[-0.004486246540729354, -0.010930943695249348, -0.20040944836550179, 0.9711830418892343]
[-0.005267000059364036, -0.004524779592647135, -0.16472522969945058, 1.105717818107618]
[-0.005662120683463364, 0.0021988980245081853, -0.0796836975445914, 1.1063521020940021]
[-0.0057827156681122234, 0.008204726238682172, -0.020830321048503568, 0.9248346340690969]
[-0.004282596395601943, 0.013415402804316969, 0.4770685797874628, 0.8838573332276304]
[-0.0021153784765180657, 0.016622634559529326, 0.26698162357885913, 0.2978701580956156]
[-0.0015845784458333174, 0.016529039299887565, -0.02320410554608745, -0.22184430039755818]
[-0.0026196748234152845, 0.013872767963972316, -0.24585137351765823, -0.5951953009861638]
[-0.00453929880562721, 0.009474231467408016, -0.3350792531750244, -0.8339761116324427]
[-0.006367318614847109, 0.004095725252486073, -0.23034721824284296, -0.9537958383098628]
[-0.006051235923585579, -0.0019882200709187255, 0.1988480274305617, -1.0167199067035104]
[-0.0037066197980119447, -0.00838822641450642, 0.39133686986031785, -1.007154441406736]
[-0.0021560344231021217, -0.013765877653313536, 0.23329044431387957, -0.8031475861390511]
[-0.001007312480763974, -0.017828930877341588, 0.18486382539143217, -0.5691711986575805]
[-8.21814231283426e-05, -0.020280037092008457, 0.15329831393636084, -0.28364655950486695]
[0.000977801356276161, -0.020970460486328786, 0.2183774987853284, 0.0077069041470149875]
[0.002620574488855711, -0.019922180814213604, 0.29366011254582003, 0.30905526822824836]
[0.0045477639220026485, -0.01704640728677933, 0.32403920238422773, 0.6060925631818725]
[0.0066872138474372645, -0.012599597170527745, 0.3538173943603698, 0.8389252112770098]
[0.008971975653155374, -0.0070772133555276956, 0.3673768019219498, 0.9777857554338028]
[0.010611711013227993, -0.0010840344151032914, 0.20627024109064715, 0.9996800836987274]
[0.011684565174572012, 0.004437941537827899, 0.12094505284215826, 0.8618135481087734]
[0.012036887190320145, 0.008640051781137486, -0.02750565738125213, 0.5917550906322548]
[0.010508045191443894, 0.011530818766207807, -0.3968763826236656, 0.349506337664348]
[0.00824765068747829, 0.012035725117689598, -0.3664970306021883, -0.1183179275993945]
[0.006306231177664773, 0.010105446802502773, -0.27552636553365484, -0.47088788883635774]
[0.0049825344741725956, 0.006554855718470732, -0.15417508700410645, -0.6794971647727249]
[0.0041704837510468384, 0.002243205423232182, -0.10506453272210062, -0.7590941351951217]
[0.0029697715778174262, -0.002446047076523492, -0.22827814400577937, -0.8111816383674919]
[0.0002770279663574457, -0.008140075295278021, -0.4636103779489782, -1.0326359366558107]
[-0.0010509935062534112, -0.013500076266781506, -0.1382903423932061, -0.8601607349445144]
[-0.0017782609134724273, -0.018078106327672178, -0.055579407528541375, -0.6812958839041116]
[-0.002050774445312572, -0.02132120501686084, -0.004111308190317686, -0.4314079070230099]
[-0.0020955845213158747, -0.02293172205279075, 0.0006544962905297019, -0.14829274444957258]
[-0.0022745857969524923, -0.022785841093722947, -0.05423160762307003, 0.15056738898280633]
[-0.0027149853456584104, -0.02073135264365786, -0.11140693664435068, 0.4730830157275932]
[-0.0034438774012102874, -0.016835509216078973, -0.17262421308870762, 0.757915000186836]
[-0.004394628666917665, -0.011463688477186679, -0.2088427828964337, 0.9689187029449279]
[-0.005245346564678657, -0.00506819215193189, -0.1759249596979817, 1.1044191234552225]
[-0.005693268432900795, 0.0016842414218878167, -0.08740633415552154, 1.1142717470671462]
[-0.00583287543949459, 0.007773797839904467, -0.023449376042713424, 0.9402634181304398]
[-0.0043919675289249005, 0.013046208049352925, 0.4710533057947583, 0.894964216907898]
[-0.0022257193538386478, 0.016347506520996567, 0.27142362235410117, 0.3156304677499818]
[-0.001635109202667662, 0.01635868513301718, -0.010837353994250443, -0.2045806080702219]
[-0.00260791160332238, 0.01380353693466165, -0.23788667273380965, -0.5782416725318162]
[-0.004496548399432665, 0.00950076023117112, -0.33404288494672885, -0.8178419016029269]
[-0.006369489730164988, 0.004223145757656279, -0.24241864134727018, -0.9376904947319403]
[-0.006202215478492259, -0.001707181409557535, 0.19581677452237645, -1.0015097809816094]
[-0.003733074658027391, -0.008097894009770207, 0.5119266587802396, -1.0584101851273253]
[-0.002271704169915678, -0.013449768578100891, 0.20306778543435516, -0.7943045746832317]
[-0.0012438691843278656, -0.017474949220819748, 0.17029383793121655, -0.565300359537576]
[-0.0003765123079618173, -0.019910794069403118, 0.14584693923220365, -0.2820939258471791]
[0.0006488764375112347, -0.020594173529895125, 0.21332037023076625, 0.007863884945685198]
[0.0022651765560685122, -0.01954832928779213, 0.289520748607088, 0.3082647439719077]
[0.004163662419121995, -0.01667270813364449, 0.31923013299500824, 0.6063462223659223]
[0.006269321252690122, -0.012216236087733109, 0.3483406336761098, 0.8411036952478725]
[0.008518933125203567, -0.006671931385611911, 0.3619755583202038, 0.9820785029544236]
[0.010135242716543593, -0.0006392462475325395, 0.20387011575329117, 1.007610653124537]
[0.01118753478226019, 0.0049174023332632455, 0.11670389733630863, 0.866645599493617]
[0.011509633652973588, 0.009146797308211538, -0.03322445866552452, 0.596499592000969]
[0.009973375492790737, 0.012055127003262917, -0.39178289411919864, 0.3488534988834869]
[0.007743269983993787, 0.012537728638190047, -0.36221832033598916, -0.12336517030826188]
[0.0058283653638678485, 0.010564643666278352, -0.2712432409049929, -0.4787427429632731]
[0.004540018656130706, 0.006952074246535787, -0.14757867885749576, -0.6908498148162656]
[0.0038014133814102146, 0.002565600507705986, -0.08904823745760265, -0.7709622699214457]
[0.0027316012857762275, -0.002158478130158676, -0.20308864644914845, -0.8111388869360334]
[0.00033235232222269124, -0.007746949164311921, -0.2699026491171672, -0.9246591741244603]
[-0.0011096158820980196, -0.01310436884958382, -0.1597937726863748, -0.8607156958196781]
[-0.0019402371947366737, -0.017667185976485485, -0.07116968994753284, -0.6776128622499287]
[-0.0022849760528561723, -0.020866132505229434, -0.01563735464231024, -0.42244268100435056]
[-0.002398031364324301, -0.02241132017190361, -0.012425983000471829, -0.13698516134162025]
[-0.002659079577040223, -0.02218748513870889, -0.06767528779572882, 0.16485944904044128]
[-0.003167696680073494, -0.020032429894382125, -0.12234233178250628, 0.49055438809156565]
[-0.003941298152226629, -0.016025565485351206, -0.17853962118038164, 0.7764598305719179]
[-0.004882557584859414, -0.010528361647988984, -0.20432345504062702, 0.990774599200753]
[-0.005652310775505508, -0.003988214669720333, -0.15931772682508843, 1.1295509114272626]
[-0.006037802566724904, 0.0028252787814311174, -0.0754306662732811, 1.1169117478599688]
[-0.00614881689547813, 0.008846298980417309, -0.015488508724633504, 0.9238980623481032]
[-0.004641413701502586, 0.01404175732410831, 0.48480465878024254, 0.88305715389586]
[-0.0024441566095026904, 0.017258559367783366, 0.2732939918146016, 0.29956521169575545]
[-0.0018613698108016481, 0.01717240300977818, -0.013146510996028319, -0.221028531041093]
[-0.0028516573776032257, 0.014515452966547934, -0.2414306632917349, -0.5954044619306348]
[-0.004745957752441006, 0.010110915771759033, -0.33455171843778375, -0.8338470672611519]
[-0.006625572605039652, 0.004709201664356668, -0.2432890876103191, -0.9619422359668912]
[-0.006505085213333305, -0.0013237556191399687, 0.19491365990029666, -1.0217454488047826]
[-0.004022808789259689, -0.007812398720589438, 0.5149165554129549, -1.073673203745485]
[-0.0024124612691602833, -0.013365389867771799, 0.18493178621290918, -0.8072759080518015]
[-0.0014530667149173452, -0.01746874697689135, 0.16141742621322422, -0.5789517317336154]
[-0.0006190555655733799, -0.019985774168165868, 0.14165553667605124, -0.29595687765967965]
[0.0003933616477424999, -0.02074918766591934, 0.21210819388316432, -0.0046875206242510195]
[0.001987039427274401, -0.019754909574812393, 0.2859175348849525, 0.3013684537655432]
[0.0038651978433613975, -0.016901897739164763, 0.31775563774354626, 0.6036904646569481]
[0.005966202050006574, -0.012446584166095813, 0.3500795376882009, 0.8416413445474236]
[0.008238010121815464, -0.006889328011481035, 0.3687001027284273, 0.9847135375075492]
[0.009903634314076131, -0.0008251186950000292, 0.21548715821742226, 1.0141060983413783]
[0.011020718819583393, 0.0047987500995277784, 0.13025255795408658, 0.8805101115459188]
[0.011423432544239134, 0.009113697326140598, -0.018478866439271185, 0.6114903397673667]
[0.010004288489192971, 0.012086626771036483, -0.3712485825598253, 0.3595661392401902]
[0.007873581116134228, 0.012626589165991025, -0.3487765199737885, -0.11317647846504653]
[0.006030834164338778, 0.01070139449256996, -0.26124939047430507, -0.4710438589546335]
[0.004796303339299988, 0.007113633107158828, -0.1412494013368088, -0.6880950932391886]
[0.0040990465203641635, 0.0027252325763463107, -0.08357781589875012, -0.7725451917235353]
[0.0030848914049026767, -0.0019998408127661653, -0.20017336641080902, -0.8131341388892688]
[0.0006472723619960998, -0.007595052314955073, -0.2733062767915475, -0.9196551003527978]
[-0.0008461906326419823, -0.012968230323095905, -0.17073296466721855, -0.8671755342337086]
[-0.0017362602578592694, -0.017595428512053243, -0.08213343441943796, -0.6913766138836368]
[-0.0021348713546258014, -0.02088861574882964, -0.023778116745797998, -0.4395085441832756]
[-0.0022846216068931587, -0.022537317698529184, -0.016419366834636573, -0.15441529128272174]
[-0.0025656289669274733, -0.022419472846413567, -0.0712537334402564, 0.14586680220877482]
[-0.0031028939330734343, -0.020382327499011317, -0.12513743781019274, 0.4710285447169226]
[-0.003898797483502472, -0.016484202721987615, -0.17991109386452983, 0.7598645891064301]
[-0.004864241522028245, -0.011077364880121442, -0.20648011449744325, 0.9774897638439907]
[-0.0056685551890621085, -0.004604337488691312, -0.1636185452736385, 1.1204307580107278]
[-0.006076237279340425, 0.002200331919620479, -0.07772507691167527, 1.1200366751101334]
[-0.006176498238385203, 0.008282353814000335, -0.012841039918063936, 0.9365847063457823]
[-0.004688431847203167, 0.013538792056698615, 0.48065254923020106, 0.8923158818014947]
[-0.002478130173104813, 0.016853560013700416, 0.2817073288809053, 0.3202205003764156]
[-0.0018115233299686292, 0.0168976330199439, 0.002944498199757971, -0.19868729319594758]
[-0.002713021513936818, 0.01437002691431383, -0.22876460325045156, -0.573550032412483]
[-0.004545217271108111, 0.010088188895693033, -0.32797998191289696, -0.8133927689831443]
[-0.006414656393558307, 0.004795583982051194, -0.2468112260139705, -0.9448456911734777]
[-0.006348630037445644, -0.00112742145553553, 0.18493768636365238, -1.0063084034575023]
[-0.0038843525824623385, -0.007558976915800314, 0.5123376978482913, -1.0685341048841561]
[-0.002253028951189453, -0.013133685730386393, 0.1679106689695469, -0.8062675927719022]
[-0.0013742760427756658, -0.01724348495810439, 0.14790800056329725, -0.5812657919977614]
[-0.0006161482831340301, -0.019778275477131808, 0.1286905260897182, -0.29971691382547333]
[0.0003031911236118129, -0.020560567490799816, 0.19426235880870868, -0.007825505355123035]
[0.0018209408873366552, -0.019601225219293018, 0.27578232418838733, 0.2938002913507107]
[0.00364130517965978, -0.016792067337955158, 0.30902488060886685, 0.5963021085037379]
[0.0056893609160075225, -0.012371932272528714, 0.3423065320299027, 0.8364232838545823]
[0.007917552785958033, -0.006832942964818706, 0.36281498210362817, 0.9827691775892474]
[0.009567527618570633, -0.0007592525725613555, 0.21573759947770443, 1.0178582691145879]
[0.0106847825762117, 0.004903177796109533, 0.13131931170457123, 0.8886500377708599]
[0.011096702632798945, 0.00927073975446136, -0.016455299270266247, 0.6209351959494027]
[0.009942416293170149, 0.012168365982727983, -0.3265563149314745, 0.3481527583715689]
[0.00800565410721187, 0.012644174153665444, -0.32577993636972025, -0.12170819458798242]
[0.0062365561212023544, 0.010661686032472383, -0.2553660585562084, -0.4804396372738603]
[0.004993386286392371, 0.007016425159260391, -0.14683969219030976, -0.69776477667131]
[0.00424656044127955, 0.0025834506689931735, -0.09284922986522899, -0.7782649906354064]
[0.003174282378228439, -0.002167756787094306, -0.2102966104119031, -0.8167847626972488]
[0.0006964617096503771, -0.007782565905469314, -0.27984627273495066, -0.9234594288581632]
[-0.0008230062164384702, -0.013177267614589486, -0.17457644285120738, -0.8710132723021018]
[-0.0017271966479553752, -0.017828071580184235, -0.08391523352690256, -0.6954943299342451]
[-0.002128788379375725, -0.02114850311051357, -0.02347784175259481, -0.4443070728357104]
[-0.0022679825180543906, -0.02282883638738515, -0.013209260539253895, -0.15982221129144278]
[-0.002522711442599087, -0.022747906744706933, -0.06637275759721446, 0.1391610350780665]
[-0.0030352123046118538, -0.020757933324571147, -0.12054559293871196, 0.4629701445795932]
[-0.003812148289209256, -0.016907567444653982, -0.1765943678091274, 0.7525298262384528]
[-0.004776005871612904, -0.011544559740037862, -0.20653687069340013, 0.9708094804918284]
[-0.005602548961932839, -0.005108775472280921, -0.1677639620202741, 1.1150583783800676]
[-0.006029637600665928, 0.0017020209786265663, -0.08113365567135718, 1.1247349516147098]
[-0.006132778514828159, 0.007849459144143221, -0.013545199729361461, 0.9493608681825226]
[-0.004979813073462129, 0.013028443763775297, 0.377483751555517, 0.8507424337408388]
[-0.0024270647484622328, 0.01671198747146323, 0.3320895685884551, 0.37783995434767126]